n gru grulo gruhi nc24 nc24lo nc24hi deep deeplo deephi
0 5.314137e-01 5.314137e-01 1.311887e+00 6.018456e-01 6.018456e-01 1.229501e+00 4.687450e-01 4.687450e-01 1.223587e+00
2 4.520178e-01 4.520178e-01 8.672333e-01 5.227340e-01 5.227340e-01 6.331978e-01 3.483954e-01 3.483954e-01 5.988319e-01
4 3.254562e-01 3.254562e-01 7.722642e-01 3.466306e-01 3.466306e-01 7.080479e-01 2.574586e-01 2.574586e-01 5.078664e-01
6 3.223006e-01 3.223006e-01 5.369294e-01 2.885863e-01 2.885863e-01 6.553667e-01 2.407453e-01 2.407453e-01 5.187091e-01
8 1.939548e-01 1.939548e-01 3.318620e-01 2.688061e-01 2.688061e-01 5.585528e-01 2.597959e-01 2.597959e-01 3.589664e-01
10 1.893563e-01 1.893563e-01 3.653459e-01 3.058132e-01 2.801361e-01 4.225694e-01 2.358956e-01 2.358956e-01 3.216908e-01
12 2.129944e-01 2.129944e-01 4.008943e-01 2.995610e-01 2.246211e-01 2.995610e-01 2.562569e-01 1.793105e-01 2.587762e-01
14 1.835378e-01 1.835378e-01 3.405534e-01 2.215189e-01 2.215189e-01 2.807703e-01 1.785736e-01 1.624345e-01 3.264282e-01
16 2.514995e-01 2.206880e-01 3.155086e-01 2.147887e-01 2.147887e-01 2.617798e-01 2.767403e-01 1.679860e-01 2.767403e-01
18 1.204034e-01 1.204034e-01 3.022271e-01 1.578243e-01 1.578243e-01 1.960911e-01 1.889426e-01 1.384296e-01 2.462637e-01
20 2.079984e-01 2.052220e-01 2.963386e-01 2.125220e-01 2.125220e-01 2.486119e-01 2.357257e-01 1.697395e-01 2.534804e-01
22 1.685493e-01 1.562004e-01 2.802231e-01 1.687817e-01 1.374057e-01 1.994637e-01 1.739541e-01 1.600516e-01 2.286592e-01
24 1.906234e-01 1.585933e-01 2.212484e-01 1.382409e-01 1.382409e-01 1.911104e-01 1.740791e-01 1.647263e-01 2.301179e-01
26 1.611059e-01 1.611059e-01 2.459042e-01 1.186482e-01 1.186482e-01 1.536846e-01 1.964694e-01 1.409337e-01 2.021538e-01
28 1.682238e-01 1.682238e-01 2.223349e-01 7.752835e-02 7.703961e-02 9.731474e-02 1.717812e-01 1.392004e-01 2.479188e-01
30 1.710177e-01 1.710177e-01 1.885939e-01 6.911797e-02 6.911797e-02 9.011241e-02 1.484865e-01 1.374052e-01 2.039809e-01
32 1.091215e-01 1.091215e-01 1.724366e-01 4.553403e-02 4.553403e-02 6.858233e-02 1.340965e-01 1.340965e-01 2.145918e-01
34 9.595612e-02 9.595612e-02 1.571980e-01 5.695290e-02 5.556086e-02 6.041195e-02 1.546390e-01 1.536792e-01 1.626721e-01
36 1.019527e-01 1.019527e-01 1.526985e-01 4.592183e-02 4.592183e-02 6.756184e-02 1.299758e-01 1.299758e-01 2.051562e-01
38 7.261907e-02 7.261907e-02 1.386777e-01 2.998954e-02 2.998954e-02 4.750419e-02 1.341013e-01 1.341013e-01 2.086113e-01
40 7.154725e-02 7.154725e-02 1.493507e-01 2.119074e-02 2.119074e-02 3.174977e-02 1.055721e-01 1.055721e-01 1.512320e-01
42 6.916320e-02 6.916320e-02 1.270083e-01 2.353444e-02 2.353444e-02 3.404023e-02 1.169068e-01 1.169068e-01 1.378731e-01
44 7.293801e-02 7.293801e-02 1.188067e-01 2.498272e-02 2.498272e-02 3.428615e-02 1.208319e-01 1.208319e-01 1.824166e-01
46 8.115266e-02 7.750100e-02 1.065301e-01 1.546131e-02 1.546131e-02 2.330094e-02 1.252911e-01 1.252911e-01 1.968857e-01
48 1.121426e-01 9.051635e-02 1.358186e-01 1.541851e-02 1.541851e-02 2.258170e-02 1.043424e-01 1.043424e-01 1.371570e-01
50 9.518237e-02 9.518237e-02 1.451735e-01 8.734822e-03 8.734822e-03 1.706389e-02 1.066429e-01 1.066429e-01 1.823593e-01
52 9.666226e-02 9.666226e-02 1.568456e-01 7.407635e-03 7.407635e-03 1.525161e-02 1.095231e-01 1.095231e-01 1.658131e-01
54 5.965008e-02 5.965008e-02 1.153769e-01 5.279064e-03 5.279064e-03 1.030754e-02 7.499184e-02 7.499184e-02 1.029209e-01
56 7.063528e-02 7.056085e-02 7.359830e-02 2.749930e-03 2.749930e-03 4.369110e-03 8.131503e-02 8.131503e-02 9.968436e-02
58 7.385572e-02 6.432880e-02 7.491601e-02 1.544783e-03 1.218478e-03 1.826286e-03 8.344821e-02 8.344821e-02 1.205937e-01
60 8.126280e-02 8.126280e-02 9.272506e-02 5.578101e-04 3.821453e-04 5.578101e-04 4.637687e-02 4.637687e-02 1.015936e-01
62 1.009941e-01 8.487809e-02 1.140897e-01 1.768221e-04 1.150966e-04 1.768221e-04 4.345299e-02 4.345299e-02 1.394660e-01
64 9.168724e-02 6.713029e-02 9.168724e-02 1.865129e-05 1.525879e-05 1.865129e-05 3.038891e-02 3.038891e-02 5.809973e-02
66 5.584919e-02 5.584919e-02 9.688789e-02 1.291434e-06 8.742015e-07 1.291434e-06 3.555476e-02 3.555476e-02 9.953990e-02
68 5.863266e-02 5.863266e-02 8.894833e-02 1.000000e-08 1.000000e-08 1.000000e-08 3.692745e-02 3.692745e-02 6.797841e-02
70 5.303420e-02 5.303420e-02 7.826913e-02 1.000000e-08 1.000000e-08 1.000000e-08 3.200916e-02 3.200916e-02 7.064419e-02
72 9.428497e-02 9.428497e-02 1.345969e-01 1.000000e-08 1.000000e-08 1.000000e-08 4.950757e-02 4.950757e-02 1.604291e-01
74 7.281389e-02 7.281389e-02 7.907718e-02 1.000000e-08 1.000000e-08 1.000000e-08 3.576322e-02 3.576322e-02 7.356161e-02
76 6.518707e-02 6.518707e-02 9.224483e-02 1.000000e-08 1.000000e-08 1.000000e-08 3.275444e-02 3.275444e-02 4.859114e-02
78 6.970785e-02 6.537887e-02 7.377789e-02 1.000000e-08 1.000000e-08 1.000000e-08 2.737328e-02 2.737328e-02 3.787200e-02
80 4.944052e-02 4.699990e-02 5.246072e-02 1.000000e-08 1.000000e-08 1.000000e-08 2.458489e-02 2.458489e-02 4.042988e-02
82 4.879172e-02 4.879172e-02 6.507710e-02 1.000000e-08 1.000000e-08 1.000000e-08 2.577974e-02 2.577974e-02 3.788848e-02
84 5.442326e-02 4.684530e-02 5.442326e-02 1.000000e-08 1.000000e-08 1.000000e-08 2.216237e-02 2.216237e-02 2.690358e-02
86 4.653801e-02 4.653801e-02 8.320126e-02 1.000000e-08 1.000000e-08 1.000000e-08 1.641392e-02 1.641392e-02 3.684392e-02
88 3.967628e-02 3.967628e-02 4.344289e-02 1.000000e-08 1.000000e-08 1.000000e-08 1.697434e-02 1.697434e-02 2.497483e-02
90 3.730553e-02 3.730553e-02 4.738888e-02 1.000000e-08 1.000000e-08 1.000000e-08 1.616015e-02 1.616015e-02 2.638075e-02
92 4.647233e-02 4.647233e-02 5.293620e-02 1.000000e-08 1.000000e-08 1.000000e-08 1.315614e-02 1.315614e-02 2.484339e-02
94 5.670923e-02 5.112375e-02 5.670923e-02 1.000000e-08 1.000000e-08 1.000000e-08 1.384336e-02 1.384336e-02 2.600970e-02
96 9.220356e-02 4.924495e-02 9.220356e-02 1.000000e-08 1.000000e-08 1.000000e-08 1.636903e-02 1.636903e-02 2.377997e-02
98 4.435562e-02 4.435562e-02 6.650231e-02 1.000000e-08 1.000000e-08 1.000000e-08 1.369571e-02 1.369571e-02 2.914738e-02
100 3.258163e-02 3.258163e-02 4.760171e-02 1.000000e-08 1.000000e-08 1.000000e-08 9.622295e-03 9.622295e-03 2.289968e-02
102 5.175589e-02 4.222495e-02 5.175589e-02 1.000000e-08 1.000000e-08 1.000000e-08 8.915097e-03 8.915097e-03 1.858220e-02
104 4.163738e-02 4.163738e-02 5.714526e-02 1.000000e-08 1.000000e-08 1.000000e-08 6.319458e-03 6.319458e-03 1.928622e-02
106 3.692994e-02 3.692994e-02 4.103556e-02 1.000000e-08 1.000000e-08 1.000000e-08 7.127161e-03 7.127161e-03 1.824533e-02
108 3.097902e-02 3.003550e-02 3.555300e-02 1.000000e-08 1.000000e-08 1.000000e-08 3.583173e-03 3.583173e-03 1.235466e-02
110 2.330748e-02 2.330748e-02 4.209758e-02 1.000000e-08 1.000000e-08 1.000000e-08 3.174371e-03 3.174371e-03 1.300415e-02
112 2.672964e-02 2.672964e-02 3.367852e-02 1.000000e-08 1.000000e-08 1.000000e-08 2.469541e-03 2.469541e-03 9.895445e-03
114 2.932175e-02 2.932175e-02 5.037126e-02 1.000000e-08 1.000000e-08 1.000000e-08 2.868241e-03 2.868241e-03 1.229039e-02
116 3.452482e-02 2.508589e-02 5.253740e-02 1.000000e-08 1.000000e-08 1.000000e-08 2.443617e-03 2.443617e-03 8.435572e-03
118 2.518920e-02 2.518920e-02 4.400213e-02 1.000000e-08 1.000000e-08 1.000000e-08 3.178333e-03 3.178333e-03 7.755081e-03
120 2.949748e-02 2.949748e-02 6.237905e-02 1.000000e-08 1.000000e-08 1.000000e-08 2.745345e-03 2.745345e-03 4.864971e-03
122 2.456804e-02 2.456804e-02 4.614748e-02 1.000000e-08 1.000000e-08 1.000000e-08 1.938790e-03 1.938790e-03 5.022553e-03
124 2.170987e-02 2.170987e-02 4.376374e-02 1.000000e-08 1.000000e-08 1.000000e-08 1.590940e-03 1.590940e-03 3.926066e-03
126 2.318189e-02 2.318189e-02 3.589333e-02 1.000000e-08 1.000000e-08 1.000000e-08 1.701524e-03 1.701524e-03 4.586448e-03
128 2.252592e-02 2.252592e-02 2.907946e-02 1.000000e-08 1.000000e-08 1.000000e-08 1.222526e-03 1.222526e-03 3.668128e-03
130 2.379983e-02 2.379983e-02 3.165803e-02 1.000000e-08 1.000000e-08 1.000000e-08 1.147171e-03 1.147171e-03 5.005822e-03
132 2.698251e-02 2.698251e-02 4.165894e-02 1.000000e-08 1.000000e-08 1.000000e-08 1.100137e-03 1.100137e-03 4.343202e-03
134 2.579417e-02 2.579417e-02 7.924402e-02 1.000000e-08 1.000000e-08 1.000000e-08 1.520251e-03 1.520251e-03 4.478479e-03
136 2.168900e-02 2.168900e-02 4.211937e-02 1.000000e-08 1.000000e-08 1.000000e-08 1.281530e-03 1.281530e-03 5.970170e-03
138 1.567752e-02 1.567752e-02 2.985267e-02 1.000000e-08 1.000000e-08 1.000000e-08 1.329780e-03 1.329780e-03 4.008221e-03
140 1.824679e-02 1.824679e-02 3.297633e-02 1.000000e-08 1.000000e-08 1.000000e-08 8.673668e-04 8.673668e-04 2.168658e-03
142 1.794130e-02 1.794130e-02 5.932139e-02 1.000000e-08 1.000000e-08 1.000000e-08 8.900960e-04 8.900960e-04 2.765020e-03
144 1.526431e-02 1.526431e-02 4.259511e-02 1.000000e-08 1.000000e-08 1.000000e-08 7.535865e-04 7.535865e-04 2.711793e-03
146 1.284558e-02 1.284558e-02 3.735875e-02 1.000000e-08 1.000000e-08 1.000000e-08 5.306602e-04 5.306602e-04 1.942599e-03
148 1.485673e-02 1.485673e-02 3.413776e-02 1.000000e-08 1.000000e-08 1.000000e-08 7.278572e-04 7.278572e-04 2.382341e-03
150 1.479467e-02 1.479467e-02 3.406411e-02 1.000000e-08 1.000000e-08 1.000000e-08 7.085701e-04 7.085701e-04 1.836369e-03
152 1.548449e-02 1.548449e-02 2.303419e-02 1.000000e-08 1.000000e-08 1.000000e-08 5.949736e-04 5.949736e-04 1.629121e-03
154 1.311928e-02 1.311928e-02 2.351412e-02 1.000000e-08 1.000000e-08 1.000000e-08 4.175752e-04 4.175752e-04 1.341142e-03
156 2.393172e-02 2.393172e-02 4.412634e-02 1.000000e-08 1.000000e-08 1.000000e-08 3.455679e-04 3.455679e-04 1.036763e-03
158 1.799786e-02 1.799786e-02 3.015275e-02 1.000000e-08 1.000000e-08 1.000000e-08 2.845774e-04 2.845774e-04 8.645008e-04
160 2.208568e-02 1.592883e-02 2.369857e-02 1.000000e-08 1.000000e-08 1.000000e-08 2.361834e-04 2.361834e-04 6.683866e-04
162 2.102710e-02 2.102710e-02 2.487906e-02 1.000000e-08 1.000000e-08 1.000000e-08 1.416802e-04 1.416802e-04 4.484380e-04
164 2.478428e-02 2.478428e-02 4.427462e-02 1.000000e-08 1.000000e-08 1.000000e-08 1.226738e-04 1.226738e-04 4.630685e-04
166 2.258877e-02 2.258877e-02 3.241556e-02 1.000000e-08 1.000000e-08 1.000000e-08 1.015713e-04 1.015713e-04 2.986683e-04
168 2.374711e-02 2.374711e-02 4.558386e-02 1.000000e-08 1.000000e-08 1.000000e-08 8.819500e-05 8.819500e-05 2.928364e-04
170 1.549929e-02 1.549929e-02 2.883783e-02 1.000000e-08 1.000000e-08 1.000000e-08 6.560484e-05 6.560484e-05 1.930694e-04
172 1.474560e-02 1.474560e-02 3.881308e-02 1.000000e-08 1.000000e-08 1.000000e-08 3.121545e-05 3.121545e-05 1.219710e-04
174 1.524126e-02 1.524126e-02 2.420777e-02 1.000000e-08 1.000000e-08 1.000000e-08 2.844135e-05 2.844135e-05 7.379055e-05
176 1.388453e-02 1.388453e-02 3.428854e-02 1.000000e-08 1.000000e-08 1.000000e-08 2.287825e-05 2.287825e-05 4.212062e-05
178 1.133625e-02 1.133625e-02 1.817185e-02 1.000000e-08 1.000000e-08 1.000000e-08 1.192093e-05 1.192093e-05 1.539787e-05
180 9.194712e-03 9.194712e-03 2.369050e-02 1.000000e-08 1.000000e-08 1.000000e-08 7.400910e-06 7.400910e-06 1.037121e-05
182 8.620550e-03 8.620550e-03 2.076775e-02 1.000000e-08 1.000000e-08 1.000000e-08 2.473593e-06 2.473593e-06 4.520019e-06
184 1.120692e-02 1.120692e-02 2.936047e-02 1.000000e-08 1.000000e-08 1.000000e-08 5.910794e-07 5.910794e-07 1.157323e-06
186 1.353903e-02 1.353903e-02 2.972828e-02 1.000000e-08 1.000000e-08 1.000000e-08 3.774961e-07 3.774961e-07 6.655852e-07
188 1.339670e-02 1.339670e-02 2.834103e-02 1.000000e-08 1.000000e-08 1.000000e-08 2.980232e-07 2.185504e-07 3.178914e-07
190 1.263502e-02 1.263502e-02 2.756653e-02 1.000000e-08 1.000000e-08 1.000000e-08 3.526608e-07 3.278255e-07 3.526608e-07
192 1.321604e-02 1.321604e-02 2.349329e-02 1.000000e-08 1.000000e-08 1.000000e-08 2.334515e-07 2.334515e-07 3.129244e-07
194 1.073725e-02 1.073725e-02 1.812469e-02 1.000000e-08 1.000000e-08 1.000000e-08 3.377596e-07 2.384186e-07 3.576279e-07
196 1.015277e-02 1.015277e-02 2.350856e-02 1.000000e-08 1.000000e-08 1.000000e-08 1.000000e-08 1.000000e-08 1.000000e-08
198 1.086278e-02 1.086278e-02 3.006170e-02 1.000000e-08 1.000000e-08 1.000000e-08 1.000000e-08 1.000000e-08 1.000000e-08
200 9.896219e-03 9.896219e-03 2.640003e-02 1.000000e-08 1.000000e-08 1.000000e-08 1.000000e-08 1.000000e-08 1.000000e-08
202 1.154667e-02 1.154667e-02 3.087243e-02 1.000000e-08 1.000000e-08 1.000000e-08 1.000000e-08 1.000000e-08 1.000000e-08
204 1.230499e-02 1.230499e-02 2.648431e-02 1.000000e-08 1.000000e-08 1.000000e-08 1.000000e-08 1.000000e-08 1.000000e-08
206 2.068684e-02 2.068684e-02 7.579294e-02 1.000000e-08 1.000000e-08 1.000000e-08 1.000000e-08 1.000000e-08 1.000000e-08
208 1.048433e-02 1.048433e-02 2.143914e-02 1.000000e-08 1.000000e-08 1.000000e-08 1.000000e-08 1.000000e-08 1.000000e-08
210 1.328882e-02 1.328882e-02 3.431273e-02 1.000000e-08 1.000000e-08 1.000000e-08 1.000000e-08 1.000000e-08 1.000000e-08
212 7.548412e-03 7.548412e-03 2.471701e-02 1.000000e-08 1.000000e-08 1.000000e-08 1.000000e-08 1.000000e-08 1.000000e-08
214 6.582072e-03 6.582072e-03 1.920291e-02 1.000000e-08 1.000000e-08 1.000000e-08 1.000000e-08 1.000000e-08 1.000000e-08
216 8.744995e-03 8.744995e-03 2.221552e-02 1.000000e-08 1.000000e-08 1.000000e-08 1.000000e-08 1.000000e-08 1.000000e-08
218 8.206889e-03 8.206889e-03 3.055602e-02 1.000000e-08 1.000000e-08 1.000000e-08 1.000000e-08 1.000000e-08 1.000000e-08
220 1.026481e-02 1.026481e-02 2.614831e-02 1.000000e-08 1.000000e-08 1.000000e-08 1.000000e-08 1.000000e-08 1.000000e-08
222 1.041163e-02 1.041163e-02 1.987175e-02 1.000000e-08 1.000000e-08 1.000000e-08 1.000000e-08 1.000000e-08 1.000000e-08
224 1.199589e-02 1.199589e-02 2.233776e-02 1.000000e-08 1.000000e-08 1.000000e-08 1.000000e-08 1.000000e-08 1.000000e-08
226 8.765479e-03 8.765479e-03 1.605856e-02 1.000000e-08 1.000000e-08 1.000000e-08 1.000000e-08 1.000000e-08 1.000000e-08
228 8.252124e-03 8.252124e-03 1.612316e-02 1.000000e-08 1.000000e-08 1.000000e-08 1.000000e-08 1.000000e-08 1.000000e-08
230 7.782042e-03 7.782042e-03 1.678989e-02 1.000000e-08 1.000000e-08 1.000000e-08 1.000000e-08 1.000000e-08 1.000000e-08
232 9.607752e-03 9.607752e-03 1.894835e-02 1.000000e-08 1.000000e-08 1.000000e-08 1.000000e-08 1.000000e-08 1.000000e-08
234 5.640695e-03 5.640695e-03 2.189523e-02 1.000000e-08 1.000000e-08 1.000000e-08 1.000000e-08 1.000000e-08 1.000000e-08
236 6.897161e-03 6.897161e-03 2.519770e-02 1.000000e-08 1.000000e-08 1.000000e-08 1.000000e-08 1.000000e-08 1.000000e-08
238 9.369721e-03 9.369721e-03 4.439960e-02 1.000000e-08 1.000000e-08 1.000000e-08 1.000000e-08 1.000000e-08 1.000000e-08
240 1.024146e-02 1.024146e-02 3.863690e-02 1.000000e-08 1.000000e-08 1.000000e-08 1.000000e-08 1.000000e-08 1.000000e-08
242 7.112796e-03 7.112796e-03 1.882768e-02 1.000000e-08 1.000000e-08 1.000000e-08 1.000000e-08 1.000000e-08 1.000000e-08
244 5.529066e-03 5.529066e-03 1.801550e-02 1.000000e-08 1.000000e-08 1.000000e-08 1.000000e-08 1.000000e-08 1.000000e-08
246 6.141265e-03 6.141265e-03 1.299465e-02 1.000000e-08 1.000000e-08 1.000000e-08 1.000000e-08 1.000000e-08 1.000000e-08
248 8.449932e-03 8.449932e-03 2.090505e-02 1.000000e-08 1.000000e-08 1.000000e-08 1.000000e-08 1.000000e-08 1.000000e-08
250 6.482343e-03 6.482343e-03 1.592162e-02 1.000000e-08 1.000000e-08 1.000000e-08 1.000000e-08 1.000000e-08 1.000000e-08
252 5.259862e-03 5.259862e-03 1.506041e-02 1.000000e-08 1.000000e-08 1.000000e-08 1.000000e-08 1.000000e-08 1.000000e-08
254 6.974419e-03 6.974419e-03 1.585028e-02 1.000000e-08 1.000000e-08 1.000000e-08 1.000000e-08 1.000000e-08 1.000000e-08
256 5.718703e-03 5.718703e-03 1.575860e-02 1.000000e-08 1.000000e-08 1.000000e-08 1.000000e-08 1.000000e-08 1.000000e-08
258 4.434675e-03 4.434675e-03 1.634162e-02 1.000000e-08 1.000000e-08 1.000000e-08 1.000000e-08 1.000000e-08 1.000000e-08
260 5.012691e-03 5.012691e-03 1.525601e-02 1.000000e-08 1.000000e-08 1.000000e-08 1.000000e-08 1.000000e-08 1.000000e-08
262 7.417729e-03 7.417729e-03 1.453067e-02 1.000000e-08 1.000000e-08 1.000000e-08 1.000000e-08 1.000000e-08 1.000000e-08
264 7.598320e-03 7.598320e-03 2.088856e-02 1.000000e-08 1.000000e-08 1.000000e-08 1.000000e-08 1.000000e-08 1.000000e-08
266 5.307774e-03 5.307774e-03 1.229366e-02 1.000000e-08 1.000000e-08 1.000000e-08 1.000000e-08 1.000000e-08 1.000000e-08
268 6.756326e-03 6.756326e-03 1.275519e-02 1.000000e-08 1.000000e-08 1.000000e-08 1.000000e-08 1.000000e-08 1.000000e-08
270 6.256402e-03 6.256402e-03 1.554865e-02 1.000000e-08 1.000000e-08 1.000000e-08 1.000000e-08 1.000000e-08 1.000000e-08
272 7.502953e-03 7.502953e-03 1.212190e-02 1.000000e-08 1.000000e-08 1.000000e-08 1.000000e-08 1.000000e-08 1.000000e-08
274 5.126754e-03 5.126754e-03 1.195579e-02 1.000000e-08 1.000000e-08 1.000000e-08 1.000000e-08 1.000000e-08 1.000000e-08
276 4.765376e-03 4.765376e-03 1.124023e-02 1.000000e-08 1.000000e-08 1.000000e-08 1.000000e-08 1.000000e-08 1.000000e-08
278 5.000731e-03 5.000731e-03 1.424729e-02 1.000000e-08 1.000000e-08 1.000000e-08 1.000000e-08 1.000000e-08 1.000000e-08
280 5.015820e-03 5.015820e-03 1.965153e-02 1.000000e-08 1.000000e-08 1.000000e-08 1.000000e-08 1.000000e-08 1.000000e-08
282 5.382821e-03 5.382821e-03 1.592908e-02 1.000000e-08 1.000000e-08 1.000000e-08 1.000000e-08 1.000000e-08 1.000000e-08
284 7.584304e-03 7.584304e-03 1.866174e-02 1.000000e-08 1.000000e-08 1.000000e-08 1.000000e-08 1.000000e-08 1.000000e-08
286 6.830921e-03 6.830921e-03 1.717432e-02 1.000000e-08 1.000000e-08 1.000000e-08 1.000000e-08 1.000000e-08 1.000000e-08
288 4.396459e-03 4.396459e-03 1.438516e-02 1.000000e-08 1.000000e-08 1.000000e-08 1.000000e-08 1.000000e-08 1.000000e-08
290 4.838794e-03 4.838794e-03 1.970731e-02 1.000000e-08 1.000000e-08 1.000000e-08 1.000000e-08 1.000000e-08 1.000000e-08
292 4.282246e-03 4.282246e-03 1.085506e-02 1.000000e-08 1.000000e-08 1.000000e-08 1.000000e-08 1.000000e-08 1.000000e-08
294 7.484168e-03 7.484168e-03 1.374862e-02 1.000000e-08 1.000000e-08 1.000000e-08 1.000000e-08 1.000000e-08 1.000000e-08
296 9.284337e-03 9.284337e-03 1.676854e-02 1.000000e-08 1.000000e-08 1.000000e-08 1.000000e-08 1.000000e-08 1.000000e-08
298 5.254606e-03 5.254606e-03 1.302420e-02 1.000000e-08 1.000000e-08 1.000000e-08 1.000000e-08 1.000000e-08 1.000000e-08
300 5.669484e-03 5.669484e-03 1.477239e-02 1.000000e-08 1.000000e-08 1.000000e-08 1.000000e-08 1.000000e-08 1.000000e-08
302 5.745371e-03 5.745371e-03 1.727981e-02 1.000000e-08 1.000000e-08 1.000000e-08 1.000000e-08 1.000000e-08 1.000000e-08
304 5.268584e-03 5.268584e-03 1.220706e-02 1.000000e-08 1.000000e-08 1.000000e-08 1.000000e-08 1.000000e-08 1.000000e-08
306 6.212771e-03 6.212771e-03 1.462533e-02 1.000000e-08 1.000000e-08 1.000000e-08 1.000000e-08 1.000000e-08 1.000000e-08
308 5.987535e-03 5.987535e-03 1.638336e-02 1.000000e-08 1.000000e-08 1.000000e-08 1.000000e-08 1.000000e-08 1.000000e-08
310 4.922221e-03 4.922221e-03 1.913138e-02 1.000000e-08 1.000000e-08 1.000000e-08 1.000000e-08 1.000000e-08 1.000000e-08
312 4.205912e-03 4.205912e-03 1.461239e-02 1.000000e-08 1.000000e-08 1.000000e-08 1.000000e-08 1.000000e-08 1.000000e-08
314 4.632195e-03 4.632195e-03 2.431946e-02 1.000000e-08 1.000000e-08 1.000000e-08 1.000000e-08 1.000000e-08 1.000000e-08
316 6.273558e-03 6.273558e-03 2.377089e-02 1.000000e-08 1.000000e-08 1.000000e-08 1.000000e-08 1.000000e-08 1.000000e-08
318 4.706676e-03 4.706676e-03 1.242216e-02 1.000000e-08 1.000000e-08 1.000000e-08 1.000000e-08 1.000000e-08 1.000000e-08
320 5.514721e-03 5.514721e-03 1.182186e-02 1.000000e-08 1.000000e-08 1.000000e-08 1.000000e-08 1.000000e-08 1.000000e-08
322 5.463789e-03 5.463789e-03 1.395098e-02 1.000000e-08 1.000000e-08 1.000000e-08 1.000000e-08 1.000000e-08 1.000000e-08
324 4.320582e-03 4.320582e-03 1.372869e-02 1.000000e-08 1.000000e-08 1.000000e-08 1.000000e-08 1.000000e-08 1.000000e-08
326 4.851421e-03 4.851421e-03 1.317753e-02 1.000000e-08 1.000000e-08 1.000000e-08 1.000000e-08 1.000000e-08 1.000000e-08
328 5.030046e-03 5.030046e-03 1.215174e-02 1.000000e-08 1.000000e-08 1.000000e-08 1.000000e-08 1.000000e-08 1.000000e-08
330 4.585186e-03 4.585186e-03 8.854349e-03 1.000000e-08 1.000000e-08 1.000000e-08 1.000000e-08 1.000000e-08 1.000000e-08
332 5.246927e-03 5.246927e-03 9.877175e-03 1.000000e-08 1.000000e-08 1.000000e-08 1.000000e-08 1.000000e-08 1.000000e-08
334 5.066176e-03 5.066176e-03 1.400999e-02 1.000000e-08 1.000000e-08 1.000000e-08 1.000000e-08 1.000000e-08 1.000000e-08
336 3.343711e-03 3.343711e-03 1.078853e-02 1.000000e-08 1.000000e-08 1.000000e-08 1.000000e-08 1.000000e-08 1.000000e-08
338 2.837638e-03 2.837638e-03 9.229794e-03 1.000000e-08 1.000000e-08 1.000000e-08 1.000000e-08 1.000000e-08 1.000000e-08
340 2.783328e-03 2.783328e-03 1.127612e-02 1.000000e-08 1.000000e-08 1.000000e-08 1.000000e-08 1.000000e-08 1.000000e-08
342 3.382683e-03 3.382683e-03 9.623502e-03 1.000000e-08 1.000000e-08 1.000000e-08 1.000000e-08 1.000000e-08 1.000000e-08
344 5.726477e-03 5.726477e-03 1.098603e-02 1.000000e-08 1.000000e-08 1.000000e-08 1.000000e-08 1.000000e-08 1.000000e-08
346 6.929080e-03 6.929080e-03 1.555635e-02 1.000000e-08 1.000000e-08 1.000000e-08 1.000000e-08 1.000000e-08 1.000000e-08
348 5.079806e-03 5.079806e-03 1.094061e-02 1.000000e-08 1.000000e-08 1.000000e-08 1.000000e-08 1.000000e-08 1.000000e-08
350 3.378302e-03 3.378302e-03 1.232953e-02 1.000000e-08 1.000000e-08 1.000000e-08 1.000000e-08 1.000000e-08 1.000000e-08
352 2.524982e-03 2.524982e-03 8.632722e-03 1.000000e-08 1.000000e-08 1.000000e-08 1.000000e-08 1.000000e-08 1.000000e-08
354 3.117055e-03 3.117055e-03 9.834957e-03 1.000000e-08 1.000000e-08 1.000000e-08 1.000000e-08 1.000000e-08 1.000000e-08
356 3.389940e-03 3.389940e-03 1.421319e-02 1.000000e-08 1.000000e-08 1.000000e-08 1.000000e-08 1.000000e-08 1.000000e-08
358 3.257900e-03 3.257900e-03 1.461062e-02 1.000000e-08 1.000000e-08 1.000000e-08 1.000000e-08 1.000000e-08 1.000000e-08
360 2.790883e-03 2.790883e-03 9.508346e-03 1.000000e-08 1.000000e-08 1.000000e-08 1.000000e-08 1.000000e-08 1.000000e-08
362 3.503054e-03 3.503054e-03 1.069606e-02 1.000000e-08 1.000000e-08 1.000000e-08 1.000000e-08 1.000000e-08 1.000000e-08
364 3.884554e-03 3.884554e-03 1.169489e-02 1.000000e-08 1.000000e-08 1.000000e-08 1.000000e-08 1.000000e-08 1.000000e-08
366 2.770136e-03 2.770136e-03 9.300381e-03 1.000000e-08 1.000000e-08 1.000000e-08 1.000000e-08 1.000000e-08 1.000000e-08
368 2.916803e-03 2.916803e-03 1.127076e-02 1.000000e-08 1.000000e-08 1.000000e-08 1.000000e-08 1.000000e-08 1.000000e-08
370 2.388035e-03 2.388035e-03 8.263543e-03 1.000000e-08 1.000000e-08 1.000000e-08 1.000000e-08 1.000000e-08 1.000000e-08
372 2.261718e-03 2.261718e-03 7.769922e-03 1.000000e-08 1.000000e-08 1.000000e-08 1.000000e-08 1.000000e-08 1.000000e-08
374 2.184272e-03 2.184272e-03 8.207967e-03 1.000000e-08 1.000000e-08 1.000000e-08 1.000000e-08 1.000000e-08 1.000000e-08
376 2.113044e-03 2.113044e-03 6.969804e-03 1.000000e-08 1.000000e-08 1.000000e-08 1.000000e-08 1.000000e-08 1.000000e-08
378 2.049287e-03 2.049287e-03 8.050740e-03 1.000000e-08 1.000000e-08 1.000000e-08 1.000000e-08 1.000000e-08 1.000000e-08
380 2.485414e-03 2.485414e-03 7.915069e-03 1.000000e-08 1.000000e-08 1.000000e-08 1.000000e-08 1.000000e-08 1.000000e-08
382 1.829994e-03 1.829994e-03 8.090313e-03 1.000000e-08 1.000000e-08 1.000000e-08 1.000000e-08 1.000000e-08 1.000000e-08
384 2.166872e-03 2.166872e-03 1.124754e-02 1.000000e-08 1.000000e-08 1.000000e-08 1.000000e-08 1.000000e-08 1.000000e-08
386 3.087093e-03 3.087093e-03 1.083976e-02 1.000000e-08 1.000000e-08 1.000000e-08 1.000000e-08 1.000000e-08 1.000000e-08
388 2.841920e-03 2.841920e-03 8.879225e-03 1.000000e-08 1.000000e-08 1.000000e-08 1.000000e-08 1.000000e-08 1.000000e-08
390 3.671842e-03 3.671842e-03 1.121763e-02 1.000000e-08 1.000000e-08 1.000000e-08 1.000000e-08 1.000000e-08 1.000000e-08
392 3.557026e-03 3.557026e-03 9.540528e-03 1.000000e-08 1.000000e-08 1.000000e-08 1.000000e-08 1.000000e-08 1.000000e-08
394 3.429333e-03 3.429333e-03 1.004880e-02 1.000000e-08 1.000000e-08 1.000000e-08 1.000000e-08 1.000000e-08 1.000000e-08
396 3.765285e-03 3.765285e-03 9.407262e-03 1.000000e-08 1.000000e-08 1.000000e-08 1.000000e-08 1.000000e-08 1.000000e-08
398 3.119722e-03 3.119722e-03 8.526291e-03 1.000000e-08 1.000000e-08 1.000000e-08 1.000000e-08 1.000000e-08 1.000000e-08
400 2.129123e-03 2.129123e-03 7.224580e-03 1.000000e-08 1.000000e-08 1.000000e-08 1.000000e-08 1.000000e-08 1.000000e-08
402 2.189914e-03 2.189914e-03 6.815346e-03 1.000000e-08 1.000000e-08 1.000000e-08 1.000000e-08 1.000000e-08 1.000000e-08
404 2.351801e-03 2.351801e-03 8.752356e-03 1.000000e-08 1.000000e-08 1.000000e-08 1.000000e-08 1.000000e-08 1.000000e-08
406 2.137472e-03 2.137472e-03 9.501304e-03 1.000000e-08 1.000000e-08 1.000000e-08 1.000000e-08 1.000000e-08 1.000000e-08
408 3.129914e-03 3.129914e-03 8.771300e-03 1.000000e-08 1.000000e-08 1.000000e-08 1.000000e-08 1.000000e-08 1.000000e-08
410 2.381891e-03 2.381891e-03 9.886339e-03 1.000000e-08 1.000000e-08 1.000000e-08 1.000000e-08 1.000000e-08 1.000000e-08
412 2.767066e-03 2.767066e-03 9.602611e-03 1.000000e-08 1.000000e-08 1.000000e-08 1.000000e-08 1.000000e-08 1.000000e-08
414 4.377981e-03 4.377981e-03 9.433617e-03 1.000000e-08 1.000000e-08 1.000000e-08 1.000000e-08 1.000000e-08 1.000000e-08
416 3.205876e-03 3.205876e-03 1.115824e-02 1.000000e-08 1.000000e-08 1.000000e-08 1.000000e-08 1.000000e-08 1.000000e-08
418 2.311240e-03 2.311240e-03 1.186046e-02 1.000000e-08 1.000000e-08 1.000000e-08 1.000000e-08 1.000000e-08 1.000000e-08
420 3.369391e-03 3.369391e-03 1.976851e-02 1.000000e-08 1.000000e-08 1.000000e-08 1.000000e-08 1.000000e-08 1.000000e-08
422 3.251215e-03 3.251215e-03 1.461639e-02 1.000000e-08 1.000000e-08 1.000000e-08 1.000000e-08 1.000000e-08 1.000000e-08
424 2.311568e-03 2.311568e-03 1.021675e-02 1.000000e-08 1.000000e-08 1.000000e-08 1.000000e-08 1.000000e-08 1.000000e-08
426 2.140154e-03 2.140154e-03 7.934332e-03 1.000000e-08 1.000000e-08 1.000000e-08 1.000000e-08 1.000000e-08 1.000000e-08
428 2.309099e-03 2.309099e-03 1.566189e-02 1.000000e-08 1.000000e-08 1.000000e-08 1.000000e-08 1.000000e-08 1.000000e-08
430 1.469254e-03 1.469254e-03 8.407757e-03 1.000000e-08 1.000000e-08 1.000000e-08 1.000000e-08 1.000000e-08 1.000000e-08
432 1.255751e-03 1.255751e-03 6.130919e-03 1.000000e-08 1.000000e-08 1.000000e-08 1.000000e-08 1.000000e-08 1.000000e-08
434 1.725773e-03 1.725773e-03 7.316291e-03 1.000000e-08 1.000000e-08 1.000000e-08 1.000000e-08 1.000000e-08 1.000000e-08
436 1.804739e-03 1.804739e-03 5.863160e-03 1.000000e-08 1.000000e-08 1.000000e-08 1.000000e-08 1.000000e-08 1.000000e-08
438 1.882990e-03 1.882990e-03 6.207173e-03 1.000000e-08 1.000000e-08 1.000000e-08 1.000000e-08 1.000000e-08 1.000000e-08
440 2.178033e-03 2.178033e-03 6.487377e-03 1.000000e-08 1.000000e-08 1.000000e-08 1.000000e-08 1.000000e-08 1.000000e-08
442 1.940812e-03 1.940812e-03 6.598691e-03 1.000000e-08 1.000000e-08 1.000000e-08 1.000000e-08 1.000000e-08 1.000000e-08
444 2.024869e-03 2.024869e-03 7.202625e-03 1.000000e-08 1.000000e-08 1.000000e-08 1.000000e-08 1.000000e-08 1.000000e-08
446 1.942505e-03 1.942505e-03 8.320905e-03 1.000000e-08 1.000000e-08 1.000000e-08 1.000000e-08 1.000000e-08 1.000000e-08
448 1.730631e-03 1.730631e-03 7.415690e-03 1.000000e-08 1.000000e-08 1.000000e-08 1.000000e-08 1.000000e-08 1.000000e-08
450 1.899322e-03 1.899322e-03 7.027613e-03 1.000000e-08 1.000000e-08 1.000000e-08 1.000000e-08 1.000000e-08 1.000000e-08
452 1.884669e-03 1.884669e-03 7.963876e-03 1.000000e-08 1.000000e-08 1.000000e-08 1.000000e-08 1.000000e-08 1.000000e-08
454 3.737360e-03 3.737360e-03 1.234017e-02 1.000000e-08 1.000000e-08 1.000000e-08 1.000000e-08 1.000000e-08 1.000000e-08
456 1.998882e-03 1.998882e-03 8.166566e-03 1.000000e-08 1.000000e-08 1.000000e-08 1.000000e-08 1.000000e-08 1.000000e-08
458 1.844585e-03 1.844585e-03 6.534924e-03 1.000000e-08 1.000000e-08 1.000000e-08 1.000000e-08 1.000000e-08 1.000000e-08
460 1.377573e-03 1.377573e-03 5.482967e-03 1.000000e-08 1.000000e-08 1.000000e-08 1.000000e-08 1.000000e-08 1.000000e-08
462 1.833240e-03 1.833240e-03 8.582319e-03 1.000000e-08 1.000000e-08 1.000000e-08 1.000000e-08 1.000000e-08 1.000000e-08
464 1.882891e-03 1.882891e-03 7.037818e-03 1.000000e-08 1.000000e-08 1.000000e-08 1.000000e-08 1.000000e-08 1.000000e-08
466 1.570597e-03 1.570597e-03 7.307798e-03 1.000000e-08 1.000000e-08 1.000000e-08 1.000000e-08 1.000000e-08 1.000000e-08
468 1.462112e-03 1.462112e-03 6.128863e-03 1.000000e-08 1.000000e-08 1.000000e-08 1.000000e-08 1.000000e-08 1.000000e-08
470 1.303837e-03 1.303837e-03 5.681217e-03 1.000000e-08 1.000000e-08 1.000000e-08 1.000000e-08 1.000000e-08 1.000000e-08
472 1.444004e-03 1.444004e-03 4.761425e-03 1.000000e-08 1.000000e-08 1.000000e-08 1.000000e-08 1.000000e-08 1.000000e-08
474 1.949703e-03 1.949703e-03 8.088201e-03 1.000000e-08 1.000000e-08 1.000000e-08 1.000000e-08 1.000000e-08 1.000000e-08
476 1.810722e-03 1.810722e-03 6.186865e-03 1.000000e-08 1.000000e-08 1.000000e-08 1.000000e-08 1.000000e-08 1.000000e-08
478 1.867702e-03 1.867702e-03 6.163314e-03 1.000000e-08 1.000000e-08 1.000000e-08 1.000000e-08 1.000000e-08 1.000000e-08
480 2.274483e-03 2.274483e-03 5.807867e-03 1.000000e-08 1.000000e-08 1.000000e-08 1.000000e-08 1.000000e-08 1.000000e-08
482 1.431723e-03 1.431723e-03 4.864668e-03 1.000000e-08 1.000000e-08 1.000000e-08 1.000000e-08 1.000000e-08 1.000000e-08
484 1.593401e-03 1.593401e-03 6.030033e-03 1.000000e-08 1.000000e-08 1.000000e-08 1.000000e-08 1.000000e-08 1.000000e-08
486 1.686066e-03 1.686066e-03 7.165164e-03 1.000000e-08 1.000000e-08 1.000000e-08 1.000000e-08 1.000000e-08 1.000000e-08
488 1.826550e-03 1.826550e-03 7.264311e-03 1.000000e-08 1.000000e-08 1.000000e-08 1.000000e-08 1.000000e-08 1.000000e-08
490 1.607791e-03 1.607791e-03 6.199643e-03 1.000000e-08 1.000000e-08 1.000000e-08 1.000000e-08 1.000000e-08 1.000000e-08
492 1.599674e-03 1.599674e-03 5.587583e-03 1.000000e-08 1.000000e-08 1.000000e-08 1.000000e-08 1.000000e-08 1.000000e-08
494 1.085813e-03 1.085813e-03 4.516790e-03 1.000000e-08 1.000000e-08 1.000000e-08 1.000000e-08 1.000000e-08 1.000000e-08
496 1.247913e-03 1.247913e-03 4.954880e-03 1.000000e-08 1.000000e-08 1.000000e-08 1.000000e-08 1.000000e-08 1.000000e-08
498 1.340946e-03 1.340946e-03 5.271678e-03 1.000000e-08 1.000000e-08 1.000000e-08 1.000000e-08 1.000000e-08 1.000000e-08
500 1.113782e-03 1.113782e-03 5.746546e-03 1.000000e-08 1.000000e-08 1.000000e-08 1.000000e-08 1.000000e-08 1.000000e-08
502 1.944847e-03 1.944847e-03 5.859219e-03 1.000000e-08 1.000000e-08 1.000000e-08 1.000000e-08 1.000000e-08 1.000000e-08
504 1.323203e-03 1.323203e-03 6.333808e-03 1.000000e-08 1.000000e-08 1.000000e-08 1.000000e-08 1.000000e-08 1.000000e-08
506 1.458178e-03 1.458178e-03 5.799992e-03 1.000000e-08 1.000000e-08 1.000000e-08 1.000000e-08 1.000000e-08 1.000000e-08
508 1.066774e-03 1.066774e-03 4.589891e-03 1.000000e-08 1.000000e-08 1.000000e-08 1.000000e-08 1.000000e-08 1.000000e-08
510 1.631354e-03 1.631354e-03 4.351886e-03 1.000000e-08 1.000000e-08 1.000000e-08 1.000000e-08 1.000000e-08 1.000000e-08
512 1.647174e-03 1.647174e-03 6.619439e-03 1.000000e-08 1.000000e-08 1.000000e-08 1.000000e-08 1.000000e-08 1.000000e-08
514 1.294315e-03 1.294315e-03 5.519758e-03 1.000000e-08 1.000000e-08 1.000000e-08 1.000000e-08 1.000000e-08 1.000000e-08
516 2.019723e-03 2.019723e-03 6.102934e-03 1.000000e-08 1.000000e-08 1.000000e-08 1.000000e-08 1.000000e-08 1.000000e-08
518 1.569937e-03 1.569937e-03 5.239358e-03 1.000000e-08 1.000000e-08 1.000000e-08 1.000000e-08 1.000000e-08 1.000000e-08
520 2.094775e-03 2.094775e-03 4.699916e-03 1.000000e-08 1.000000e-08 1.000000e-08 1.000000e-08 1.000000e-08 1.000000e-08
522 1.511276e-03 1.511276e-03 4.813274e-03 1.000000e-08 1.000000e-08 1.000000e-08 1.000000e-08 1.000000e-08 1.000000e-08
524 1.973887e-03 1.973887e-03 6.415516e-03 1.000000e-08 1.000000e-08 1.000000e-08 1.000000e-08 1.000000e-08 1.000000e-08
526 1.247048e-03 1.247048e-03 5.873477e-03 1.000000e-08 1.000000e-08 1.000000e-08 1.000000e-08 1.000000e-08 1.000000e-08
528 1.340598e-03 1.340598e-03 6.065527e-03 1.000000e-08 1.000000e-08 1.000000e-08 1.000000e-08 1.000000e-08 1.000000e-08
530 1.386543e-03 1.386543e-03 6.504983e-03 1.000000e-08 1.000000e-08 1.000000e-08 1.000000e-08 1.000000e-08 1.000000e-08
532 1.771087e-03 1.771087e-03 6.109531e-03 1.000000e-08 1.000000e-08 1.000000e-08 1.000000e-08 1.000000e-08 1.000000e-08
534 1.266479e-03 1.266479e-03 4.708345e-03 1.000000e-08 1.000000e-08 1.000000e-08 1.000000e-08 1.000000e-08 1.000000e-08
536 1.096358e-03 1.096358e-03 5.026703e-03 1.000000e-08 1.000000e-08 1.000000e-08 1.000000e-08 1.000000e-08 1.000000e-08
538 1.307040e-03 1.307040e-03 6.856596e-03 1.000000e-08 1.000000e-08 1.000000e-08 1.000000e-08 1.000000e-08 1.000000e-08
540 1.331449e-03 1.331449e-03 4.970218e-03 1.000000e-08 1.000000e-08 1.000000e-08 1.000000e-08 1.000000e-08 1.000000e-08
542 1.584748e-03 1.584748e-03 5.693155e-03 1.000000e-08 1.000000e-08 1.000000e-08 1.000000e-08 1.000000e-08 1.000000e-08
544 1.612961e-03 1.612961e-03 5.784040e-03 1.000000e-08 1.000000e-08 1.000000e-08 1.000000e-08 1.000000e-08 1.000000e-08
546 1.278142e-03 1.278142e-03 5.663042e-03 1.000000e-08 1.000000e-08 1.000000e-08 1.000000e-08 1.000000e-08 1.000000e-08
548 1.346330e-03 1.346330e-03 7.711252e-03 1.000000e-08 1.000000e-08 1.000000e-08 1.000000e-08 1.000000e-08 1.000000e-08
